1.020855000000000068e+00
1.020086999999999966e+00
1.019252999999999965e+00
1.018582000000000098e+00
1.017984000000000000e+00
1.017425000000000024e+00
1.016890000000000072e+00
1.016374000000000111e+00
1.015875000000000083e+00
1.015392000000000072e+00
1.014925000000000077e+00
1.011975999999999987e+00
1.007935000000000025e+00
1.005373999999999990e+00
1.003733999999999904e+00
1.002715000000000023e+00
1.002159000000000022e+00
1.001954000000000011e+00
1.002010999999999985e+00
1.002259000000000011e+00
1.002650999999999959e+00
1.003123999999999905e+00
1.003663999999999890e+00
1.004235999999999907e+00
1.004815000000000014e+00
1.005387000000000031e+00
1.005938999999999917e+00
1.006463000000000108e+00
1.006953999999999905e+00
1.007411000000000056e+00
1.007830999999999921e+00
1.008213000000000026e+00
1.008558999999999983e+00
1.008871000000000073e+00
1.009147000000000016e+00
1.009392999999999985e+00
1.009606999999999921e+00
1.009795999999999916e+00
1.009957999999999911e+00
1.010096000000000105e+00
1.010213000000000028e+00
1.010312000000000099e+00
1.010391999999999957e+00
1.010458999999999996e+00
1.010512000000000077e+00
1.010553000000000035e+00
1.010599999999999943e+00
1.010594999999999910e+00
1.010602999999999918e+00
1.010605999999999893e+00
1.010604000000000058e+00
1.010596000000000050e+00
1.010583999999999927e+00
1.010569000000000051e+00
1.010550000000000059e+00
1.010529000000000011e+00
1.010505999999999904e+00
1.010480999999999963e+00
1.010453999999999963e+00
1.010426000000000046e+00
1.010397999999999907e+00
1.010367000000000015e+00
1.010337000000000041e+00
1.010307999999999984e+00
1.010278000000000009e+00
1.010248000000000035e+00
1.010216999999999921e+00
1.010188000000000086e+00
1.010157999999999889e+00
1.010127999999999915e+00
1.010099999999999998e+00
1.010070999999999941e+00
1.010040999999999967e+00
1.010011999999999910e+00
1.009984999999999911e+00
1.009956000000000076e+00
1.009929000000000077e+00
1.009902000000000077e+00
1.009873999999999938e+00
