0.000000000000000000e+00
8.219178020954132080e-02
1.643835604190826416e-01
2.465753406286239624e-01
3.287671208381652832e-01
4.109589159488677979e-01
4.931506812572479248e-01
5.753424763679504395e-01
6.575342416763305664e-01
7.397260069847106934e-01
8.219178318977355957e-01
1.726027369499206543e+00
2.630136966705322266e+00
3.534246683120727539e+00
4.438356399536132812e+00
5.342465877532958984e+00
6.246575355529785156e+00
7.150684833526611328e+00
8.054794311523437500e+00
8.958904266357421875e+00
9.863013267517089844e+00
1.076712322235107422e+01
1.167123317718505859e+01
1.257534217834472656e+01
1.347945213317871094e+01
1.438356208801269531e+01
1.528767108917236328e+01
1.619178009033203125e+01
1.709589004516601562e+01
1.800000000000000000e+01
1.890410995483398438e+01
1.980821990966796875e+01
2.071232795715332031e+01
2.161643791198730469e+01
2.252054786682128906e+01
2.342465782165527344e+01
2.432876777648925781e+01
2.523287582397460938e+01
2.613698577880859375e+01
2.704109573364257812e+01
2.794520568847656250e+01
2.884931564331054688e+01
2.975342559814453125e+01
3.065753364562988281e+01
3.156164360046386719e+01
3.246575164794921875e+01
3.336986160278320312e+01
3.427397155761718750e+01
3.517808151245117188e+01
3.608219146728515625e+01
3.698630142211914062e+01
3.789041137695312500e+01
3.879452133178710938e+01
3.969863128662109375e+01
4.060274124145507812e+01
4.150685119628906250e+01
4.241095733642578125e+01
4.331506729125976562e+01
4.421917724609375000e+01
4.512328720092773438e+01
4.602739715576171875e+01
4.693150711059570312e+01
4.783561706542968750e+01
4.873972702026367188e+01
4.964383697509765625e+01
5.054794692993164062e+01
5.145205307006835938e+01
5.235616302490234375e+01
5.326027297973632812e+01
5.416438293457031250e+01
5.506849288940429688e+01
5.597260284423828125e+01
5.687671279907226562e+01
5.778082275390625000e+01
5.868493270874023438e+01
5.958904266357421875e+01
6.049314880371093750e+01
6.139725875854492188e+01
6.230136871337890625e+01
