9.438889503479003906e+00
9.438889503479003906e+00
9.450000762939453125e+00
9.461112022399902344e+00
9.472222328186035156e+00
9.483333587646484375e+00
9.488889694213867188e+00
9.500000953674316406e+00
9.511112213134765625e+00
9.516666412353515625e+00
9.527777671813964844e+00
9.627777099609375000e+00
9.722222328186035156e+00
9.816666603088378906e+00
9.894445419311523438e+00
9.972221374511718750e+00
1.004444503784179688e+01
1.011111068725585938e+01
1.017222213745117188e+01
1.022777843475341797e+01
1.027777767181396484e+01
1.032222270965576172e+01
1.036111164093017578e+01
1.040000057220458984e+01
1.043333435058593750e+01
1.046111106872558594e+01
1.048888874053955078e+01
1.051111125946044922e+01
1.053333377838134766e+01
1.055555534362792969e+01
1.056666660308837891e+01
1.058333396911621094e+01
1.059444427490234375e+01
1.060555553436279297e+01
1.061111068725585938e+01
1.062222194671630859e+01
1.062777805328369141e+01
1.063333415985107422e+01
1.063333415985107422e+01
1.063888835906982422e+01
1.063888835906982422e+01
1.063888835906982422e+01
1.063888835906982422e+01
1.063888835906982422e+01
1.063888835906982422e+01
1.063333415985107422e+01
1.063333415985107422e+01
1.062777805328369141e+01
1.062777805328369141e+01
1.062222194671630859e+01
1.062222194671630859e+01
1.061666679382324219e+01
1.061111068725585938e+01
1.061111068725585938e+01
1.060555553436279297e+01
1.059999942779541016e+01
1.059444427490234375e+01
1.058888816833496094e+01
1.058888816833496094e+01
1.058333396911621094e+01
1.057777786254882812e+01
1.057222270965576172e+01
1.056666660308837891e+01
1.056111145019531250e+01
1.055555534362792969e+01
1.055555534362792969e+01
1.054999923706054688e+01
1.054444408416748047e+01
1.053888893127441406e+01
1.053333377838134766e+01
1.052777767181396484e+01
1.052777767181396484e+01
1.052222251892089844e+01
1.051666641235351562e+01
1.051111125946044922e+01
1.050555515289306641e+01
1.050000000000000000e+01
1.050000000000000000e+01
1.049444389343261719e+01
